[WeaponData001]
TypeName=AR_TER
FullName=A/A37B-5 TER (Arg)
ModelName=ter
Mass=43.090000
Diameter=0.230000
Length=1.980000
SubsonicDragCoeff=0.200000
SupersonicDragCoeff=0.770000
AttachmentType=ARGENTINA
SpecificStationCode=
NationName=ArgentineNavy
StartYear=0
EndYear=0
Availability=3
BaseQuantity=1
Exported=TRUE
ExportStartYear=0
ExportEndYear=0
ExportAvailability=3
WeaponDataType=6
WeaponsRackType=TER
NumWeapons=3
LoadLimit=500.000000
DiameterLimit=0.000000
LengthLimit=2.500000
MaxFuelAmount=0.000000
Attachment01Position=0.180000,0.000000,-0.020000
Attachment01Angle=0.000000,0.000000,-2578.310059
Attachment02Position=-0.180000,0.000000,-0.020000
Attachment02Angle=0.000000,0.000000,2578.310059
Attachment03Position=0.000000,0.000000,-0.250000
Attachment03Angle=0.000000,0.000000,0.000000
Asymmetrical=FALSE
AttachAtZero=FALSE
HideStationPylon=FALSE
