[GunData001]
TypeName=20MM_HISPANO_HS404
FullName=20mm Hispano HS404
Caliber=20.000000
ROF=750.000000
MuzzleVel=880.000000
AmmoWt=0.130000
WarheadWt=0.013000
Reliability=96.000000
Accuracy=90.000000
AddLight=TRUE
MaxLightRange=1000.000000
FireColor=0.250000,0.225000,0.160000
GunFireEffect=20mmFireEffect
GunFireSound=Cannon
EffectClassName=20mmEffects
EffectTime=0.100000
TracerTexture=Tracer.tga
TracerSize=0.050000
TracerDistFactor=0.002000
TracerLength=0.005000
MaxVisibleDist=4000.000000
MaxStreakVisibleDist=1000.000000
TimeFuzed=FALSE







Hispano