[WeaponData001]
TypeName=AR_MER
FullName=A/A-37B-6 MER (Arg)
ModelName=mer
Mass=99.790001
Diameter=0.260000
Length=3.590000
SubsonicDragCoeff=0.200000
SupersonicDragCoeff=0.770000
AttachmentType=ARGENTINA
SpecificStationCode=
NationName=ArgentineNavy
StartYear=0
EndYear=0
Availability=3
BaseQuantity=1
Exported=TRUE
ExportStartYear=0
ExportEndYear=0
ExportAvailability=3
WeaponDataType=6
WeaponsRackType=MER
NumWeapons=6
LoadLimit=500.000000
DiameterLimit=0.000000
LengthLimit=2.500000
MaxFuelAmount=0.000000
Attachment01Position=0.180000,1.110000,0.000000
Attachment01Angle=0.000000,0.000000,-2578.310059
Attachment02Position=0.180000,-1.130000,0.000000
Attachment02Angle=0.000000,0.000000,-2578.310059
Attachment03Position=-0.180000,1.110000,0.000000
Attachment03Angle=0.000000,0.000000,2578.310059
Attachment04Position=-0.180000,-1.130000,0.000000
Attachment04Angle=0.000000,0.000000,2578.310059
Attachment05Position=0.000000,1.110000,-0.220000
Attachment05Angle=0.000000,0.000000,0.000000
Attachment06Position=0.000000,-1.130000,-0.220000
Attachment06Angle=0.000000,0.000000,0.000000
Asymmetrical=FALSE
AttachAtZero=FALSE
HideStationPylon=FALSE
