[WeaponData001]
TypeName=M134Gunpod
FullName=M134 7.62mm Minigun Pod
ModelName=M134Gunpod
Mass=170.000000
Diameter=0.300000
Length=2.150000
AttachmentType=NATO
NationName=Brazil
StartYear=1963
EndYear=2020
Availability=2
BaseQuantity=24
Exported=FALSE
ExportStartYear=0
ExportEndYear=0
ExportAvailability=0
WeaponDataType=3
GunTypeName=7.62MM_M134
MaxRounds=1500
MuzzlePosition=0.000000,1.000000,0.000000
LightPosition=0.000000,1.150000,0.000000
AimDirection=0.000000,1.000000,0.000000
EjectShells=1
EjectPosition=0.000000,-0.550000,-0.100000
EjectVelocity=0.000000,0.000000,-2.000000