[EmitterType001]
Name=J79-ABEmitter
EmissionType=ORIENTED_EMITTER
UpdateType=NON_MOVING
MaxVisibleDistance=8000.000000
EmissionRate=0.007000
EmissionVelocityTableType=CONSTANT
//EmissionVelocity=EmissionVelocity=0.000000,-190.000000,0.000000
EmissionVelocity=0.000000,-235.000000,0.000000
HasLightSource=TRUE
LightColor=0.40,0.36,0.30
LightRange=5.0
LightSrcOffset=0.0,0.0,0.0
ParticleUpdateType=SIMPLE_POINT
ParticleRenderType=CONNECTED_SPRITE
ParticleLifeTime=0.035000
ParticleWeight=-0.10000
ParticleWindFactor=0.0
ParticleDragFactor=20.000000
ParticleColorTableType=TABLE
ParticleColor[01].Time=0.000000
ParticleColor[01].Value=0.650000,0.650000,0.650000,0.400000
ParticleColor[02].Time=0.200000
ParticleColor[02].Value=0.600000,0.600000,0.600000,0.350000
ParticleColor[03].Time=0.700000
ParticleColor[03].Value=0.200000,0.200000,0.200000,0.020000
ParticleColor[04].Time=1.000000
ParticleColor[04].Value=0.000000,0.000000,0.000000,0.000000
ParticleSizeTableType=TABLE
ParticleSize[01].Time=0.000000
ParticleSize[01].Value=0.5000000
ParticleSize[02].Time=0.500000
ParticleSize[02].Value=0.4800000
ParticleSize[03].Time=1.000000
ParticleSize[03].Value=0.460000
TextureMaterial=ABMaterial

[EmitterType002]
Name=J79-ABEmitter2
EmissionType=ORIENTED_EMITTER
UpdateType=NON_MOVING
MaxVisibleDistance=8000.000000
EmissionRate=0.000800
EmissionVolume=0.010000,0.010000,0.010000
EmissionVelocityTableType=CONSTANT
EmissionVelocity=0.000000,-235.000000,0.000000
HasLightSource=TRUE
LightColor=0.40,0.36,0.30
LightRange=5.0
LightSrcOffset=0.0,0.0,0.0
SubLightSourceX=TRUE
SubLightSrcDist=0.5
ParticleUpdateType=SIMPLE_POINT
ParticleRenderType=SPRITE
ParticleRandomOrientation=FALSE
ParticleLifeTime=0.037000
ParticleWeight=-0.10000
ParticleRandomness=0.010000
ParticleDragFactor=20.000000
ParticleInheritence=0.900000
ParticleColorTableType=TABLE
ParticleColor[01].Time=0.000000
ParticleColor[01].Value=0.200000,0.200000,0.200000,0.020000
ParticleColor[02].Time=0.200000
ParticleColor[02].Value=0.150000,0.150000,0.150000,0.020000
ParticleColor[03].Time=0.700000
ParticleColor[03].Value=0.050000,0.050000,0.050000,0.015000
ParticleColor[04].Time=1.000000
ParticleColor[04].Value=0.000000,0.000000,0.000000,0.000000
ParticleSizeTableType=TABLE
ParticleSize[01].Time=0.000000
ParticleSize[01].Value=0.4800000
ParticleSize[02].Time=0.500000
ParticleSize[02].Value=0.4600000
ParticleSize[03].Time=1.000000
ParticleSize[03].Value=0.440000
ParticleSizeDeviation=0.015000
BaseSizeDeviation=0.05
TextureMaterial=ABMaterial2

[ABMaterial]
EffectShaderName=effectFire.fx
DepthBufferCheck=TRUE
DepthBufferWrite=FALSE
IgnoreRenderOrder=FALSE
AlphaTestEnabled=FALSE
LightEnabled=FALSE
UseLightLevel=FALSE
SpecularEnabled=FALSE
EmissiveEnabled=FALSE
AmbientColor=0.500000,0.500000,0.500000,0.200000
DiffuseColor=0.500000,0.500000,0.500000,0.200000
ZBufferOffset=2.000000
PriorityLevel=3
BlendOp=BLEND_INV_SRC_ALPHA_ADD_SRC
NumTextureStages=1
TextureStage[01].TextureName=IMPROVEDAFTERBURNERFLAME.tga
TextureStage[01].MipMap=FALSE
TextureStage[01].FilterEnabled=TRUE
TextureStage[01].StageColorOp=TEXTURE_MODULATE_DIFFUSE
TextureStage[01].StageAlphaOp=TEXTURE_MODULATE_DIFFUSE

[ABMaterial2]
EffectShaderName=effectFire.fx
DepthBufferCheck=TRUE
DepthBufferWrite=FALSE
IgnoreRenderOrder=FALSE
AlphaTestEnabled=FALSE
LightEnabled=FALSE
UseLightLevel=FALSE
SpecularEnabled=FALSE
EmissiveEnabled=FALSE
AmbientColor=0.500000,0.500000,0.500000,0.200000
DiffuseColor=0.500000,0.500000,0.500000,0.200000
ZBufferOffset=2.000000
PriorityLevel=3
BlendOp=BLEND_INV_SRC_ALPHA_ADD_SRC
NumTextureStages=1
TextureStage[01].TextureName=IMPROVEDAFTERBURNERFIRE.TGA
TextureStage[01].MipMap=FALSE
TextureStage[01].FilterEnabled=TRUE
TextureStage[01].StageColorOp=TEXTURE_MODULATE_DIFFUSE
TextureStage[01].StageAlphaOp=TEXTURE_MODULATE_DIFFUSE
