[WeaponData001]
TypeName=AR_LAU-105
FullName=LAU-105 DRA (Arg)
ModelName=LAU-105
Mass=73.029999
Diameter=0.100000
Length=2.800000
SubsonicDragCoeff=0.200000
SupersonicDragCoeff=0.770000
AttachmentType=ARGENTINA
SpecificStationCode=
NationName=ArgentineNavy
StartYear=0
EndYear=0
Availability=2
BaseQuantity=4
Exported=TRUE
ExportStartYear=0
ExportEndYear=0
ExportAvailability=2
WeaponDataType=6
WeaponsRackType=2IR
NumWeapons=2
LoadLimit=95.000000
DiameterLimit=0.000000
LengthLimit=3.000000
MaxFuelAmount=0.000000
Attachment01Position=0.282000,0.000000,-0.020000
Attachment01Angle=0.000000,0.000000,-5156.620117
Attachment02Position=-0.282000,0.000000,-0.020000
Attachment02Angle=0.000000,0.000000,5156.620117
Asymmetrical=FALSE
AttachAtZero=FALSE
HideStationPylon=FALSE
