[WeaponData001]
TypeName=30MM_Pampa_GunPod
FullName=Aero Cuar FAS 460
ModelName=PampaGun
Mass=360.000000
Diameter=0.690000
Length=4.248000
AttachmentType=NATO,ARGENTINA
NationName=Argentina
StartYear=1979
EndYear=0
Availability=3
BaseQuantity=24
Exported=FALSE
ExportStartYear=0
ExportAvailability=0
WeaponDataType=3
GunTypeName=30MM_DEFA554
MaxRounds=200
MuzzlePosition=-0.084500,1.578100,-0.321600
LightPosition=-0.084500,1.578100,-0.321600
AimDirection=0.000000,1.000000,0.000000
EjectShells=1
EjectPosition=0.212100,-0.403200,-0.230700
EjectVelocity=0.000000,0.000000,0.500000
SpecificStationCode=DEFA