[WeaponData001]
TypeName=M3_RPK_V
FullName=RPK Bomb-Fuel
ModelName=M3_RPK_V
Mass=650.000000
Diameter=0.350000
Length=5.572000
SubsonicDragCoeff=0.200000
SupersonicDragCoeff=0.770000
AttachmentType=FRANCE
SpecificStationCode=
NationName=France
StartYear=1972
EndYear=0
Availability=2
BaseQuantity=4
Exported=TRUE
ExportStartYear=1972
ExportEndYear=0
ExportAvailability=2
WeaponDataType=6
WeaponsRackType=BFT
NumWeapons=4
LoadLimit=450.000000
LengthLimit=2.500000
MaxFuelAmount=400.000000
Attachment01Position=0.154000,1.807000,0.032000
Attachment01Angle=0.000000,0.000000,-2578.310078
Attachment02Position=0.154000,-1.043000,0.032000
Attachment02Angle=0.000000,0.000000,-2578.310078
Attachment03Position=-0.154000,1.807000,0.032000
Attachment03Angle=0.000000,0.000000,2578.310078
Attachment04Position=-0.154000,-1.043000,0.032000
Attachment04Angle=0.000000,0.000000,2578.310078